-974
-936
-521
426
906
631
758
666
-626
914
283
-292
-838
38
146
423
-737
853
-807
-336
532
265
526
-752
-242
-112
817
316
-389
-493
628
359
-291
-892
289
580
668
332
-786
-136
983
-195
-805
408
768
-153
769
934
690
219
312
-396
464
794
-575
-556
547
347
-555
-477
348
-290
-791
236
443
149
-35
860
-682
528
226
182
-164
519
-98
905
183
201
-456
-327
-666
429
988
-222
759
-23
-576
-744
-286
566
838
437
601
-262
915
184
404
410
102
256
-803
-440
541
-264
669
136
980
473
-218
-453
685
555
208
-515
-211
775
-478
616
296
572
-730
-719
702
737
438
247
388
693
861
-328
830
-634
210
-774
864
-332
-874
478
-449
91
-311
805
-970
396
745
-783
-858
462
104
43
-711
476
-497
-84
-4
579
-326
51
452
754
-438
-708
-569
-981
-709
969
-22
-137
-39
993
-794
-33
642
-214
-538
-173
652
-763
821
-520
-26
997
899
597
-406
-665
-573
6
-747
-203
273
-425
-16
374
320
494
-334
231
249
128
-83
-447
635
796
633
-294
-971
468
-113
77
-844
935
928
357
-513
504
215
98
-165
-414
-333
-766
-491
321
-544
806
361
614
373
-859
-928
120
786
-863
789
712
309
659
406
-907
688
-812
377
523
-695
-624
218
587
-582
565
37
704
499
943
-619
-848
763
888
-468
411
318
356
625
-657
55
-912
904
221
-437
869
-89
267
-32
797
-347
954
287
-412
278
-761
-822
958
313
912
-485
-541
949
-900
-229
-893
-820
14
-470
193
973
-409
-402
-63
-514
-8
124
-785
-393
645
-30
-717
578
187
947
238
825
-149
-587
-716
-312
340
726
66
-661
158
-625
-868
656
739
-535
475
398
-297
232
-15
-244
-891
793
655
-275
-600
69
-517
-819
591
-116
772
-44
237
714
679
996
100
248
-403
-553
13
16
-552
378
-596
-241
159
-681
-642
288
-616
965
-825
-593
334
-814
389
-307
-413
636
-230
-881
960
-140
-954
-224
338
761
366
-720
640
686
756
-713
543
594
-269
998
552
-344
751
375
22
-204
-677
459
678
590
-546
766
588
-639
-529
141
-732
862
49
-62
801
-480
370
843
820
-754
509
782
27
-499
130
-726
-689
-25
-696
151
-957
-221
707
-161
97
884
753
518
365
538
-690
592
-330
-284
-157
-691
-12
-840
-385
-208
-758
-206
727
480
627
-750
-445
-265
920
770
583
186
931
380
-890
-243
-564
-751
-855
415
-653
991
-640
505
-983
667
-889
835
81
-866
927
-201
971
251
212
402
112
-607
-921
-387
392
227
-407
-249
-386
440
985
52
984
311
-800
-168
-637
873
977
608
790
-278
-563
979
911
743
-353
228
613
-776
39
866
58
617
901
-707
116
902
333
930
495
-818
-622
836
-961
336
950
-885
-948
-916
-320
224
599
-789
179
76
140
44
-1
-276
-635
-614
428
-99
-498
-908
453
-559
926
-131
767
-348
-904
649
855
-349
-279
269
-865
581
553
-142
-451
788
448
-189
-683
-531
783
308
-50
-806
-181
399
-274
379
-560
-223
-318
-578
-545
393
-733
701
882
-188
878
-775
736
-589
275
-82
53
-945
-502
-946
844
706
-185
-698
-718
619
12
529
335
-300
72
639
-772
-769
-314
925
-5
-130
419
626
-339
814
339
198
0
-826
-873
-899
708
-343
-91
-680
975
368
416
863
-76
110
41
450
-488
383
-138
276
-652
-416
725
-426
713
382
748
-246
-174
119
-69
-272
-210
-442
-268
-315
676
-500
776
846
-473
-994
-561
809
387
258
994
-510
430
-949
486
-506
386
-169
939
602
-570
-608
774
-554
-976
-390
-13
167
-251
-87
940
-392
85
513
-676
-842
19
-354
196
611
436
-362
537
-623
-636
56
-562
50
-432
-434
521
-227
87
133
-534
-191
-728
456
-383
-54
-543
-370
15
730
400
-804
569
-782
-66
524
-410
-24
-678
-77
-905
816
-798
-430
153
-7
511
-459
-163
-457
-335
665
189
-70
622
924
747
195
-359
-724
-977
-674
-1000
-995
735
-232
536
-152
-586
166
-421
-239
-200
-969
-831
-215
999
-919
470
-598
-829
-511
29
168
-725
-56
-967
427
-258
886
525
-519
28
-360
84
-476
-577
381
34
442
544
623
963
223
-364
-46
-29
-462
-433
-252
-192
-443
23
637
670
-861
-793
115
-958
779
103
952
-986
-38
-365
744
281
-549
-266
192
-584
45
65
563
272
-240
981
512
822
-663
598
-597
-382
-380
-346
-633
284
968
-281
-133
-824
26
-460
-955
280
921
733
-603
824
127
-458
-784
164
-248
-282
828
-179
-92
325
-867
162
425
-664
-198
449
-906
-193
826
42
959
328
73
-301
-557
-956
-85
910
82
-706
813
-397
-172
818
833
900
-613
-233
-989
-901
746
-667
936
-494
93
-150
-845
-361
303
-756
-601
337
422
-943
-109
-998
-903
987
841
-590
-377
220
-261
990
306
-740
-158
-926
132
-821
-910
-527
-759
742
-256
-654
872
684
-621
323
932
-496
-895
492
-830
-645
451
-148
764
-107
638
143
832
-141
-321
-483
890
549
918
-973
501
831
291
-879
-857
721
-355
46
257
593
681
777
203
867
577
-930
-469
609
-504
703
-47
839
903
-356
880
551
268
-999
937
-184
-391
-487
-37
567
-180
7
-126
177
469
-49
-710
941
-558
-984
-340
683
117
-688
815
-617